129129
309636
212318
761957
555651
561444
362034
100610
204622
162935
448347
161327
116726
162733
792766
139637
158540
185947
159239
322224
200008
130922
205725
572045
355239
153429
106319
111009
887373
140319
126325
185139
121921
149236
209127
187345
209531
204319
110613
173637
598568
160123
826353
194443
104012
153934
957974
861456
158338
132017
161630
130518
118730
201111
149539
136126
151728
727654
966975
937160
156233
175439
734247
208428
118831
361941
168240
207426
734045
146129
178647
117122
129937
177342
492754
185038
105620
257946
248339
125525
293748
896879
880157
220721
996782
200513
139839
300719
978578
214221
171734
835657
877168
142828
885975
713239
865363
118023
541943
627549
130417
167440
972566
378756
287248
549757
152427
133827
867468
161731
206929
107220
100307
283543
361234
211215
130720
857263
211720
137128
715950
680957
856766
228434
852455
171128
145127
485757
779370
633847
169141
513736
548250
110411
249947
382242
286347
195647
199150
134728
792867
685058
453441
609143
201717
119025
100408
177140
193239
213522
194140
165638
662551
146533
749361
238033
872158
177241
153126
159946
545345
765056
103212
280941
581349
121719
645450
122822
371843
130013
707749
157336
165840
901139
820745
932554
317332
182840
116221
102614
182032
325129
169343
159340
951457
151021
120111
246133
599469
134425
120212
992673
118225
959574
196952
106824
155938
217429
221218
213017
336841
381038
251833
530635
199352
872562
298051
561242
693764
209935
175540
299760
552544
191437
192540
188549
859671
250427
737960
201515
101915
206828
145632
571548
148436
919966
105923
186040
114823
133625
180230
506234
151324
206727
131924
151627
899885
176239
134324
135124
585862
205826
512835
245333
109830
136833
114924
818859
182436
211417
204218
102109
146735
158843
810439
368753
214524
917558
394956
330324
873968
115219
586460
186848
231928
397760
529549
144933
172332
103414
579665
390645
210617
115320
904044
127933
138332
202820
341834
114217
314225
188145
136631
102715
126426
167238
497865
200210
339847
917255
160729
131419
376247
171532
816653
122418
108020
657659
137532
128935
214423
210112
947668
192035
753251
138130
174437
144226
150423
113619
570243
227533
113417
329844
137431
198047
127327
136732
175742
389357
200311
211619
133928
677968
467351
214625
163129
176744
727553
255639
200614
196851
660951
111312
783462
135932
654350
665254
151425
559053
169545
176037
732243
183741
414229
748258
217126
138231
104416
199655
124422
645551
206323
329440
680250
103515
536647
749058
151223
304727
280739
129533
162329
311320
105216
672756
720337
615744
156536
393247
756055
163432
108323
151930
360030
894673
130316
304020
395756
208630
185341
223929
825048
106016
166438
111211
992774
138534
191336
654754
111716
128632
194746
120010
889579
193441
871964
143426
209228
270332
158035
208125
297655
751348
161832
656253
704238
882161
107018
127832
844961
123117
141119
295146
197550
113316
120414
146836
112819
156334
205119
942658
562345
127731
171330
894067
175136
125222
201414
144428
113215
955465
108222
156637
114116
157942
547046
281135
115724
702133
117324
118124
122317
725751
181636
499566
221319
144125
165234
172635
587664
154532
191235
664757
195445
168947
172938
193845
180533
984472
307127
239136
153732
224022
378857
189652
239944
192641
788876
105115
149337
177746
199251
214019
192439
845458
107725
274542
153227
257542
729557
121416
129331
129028
194847
208226
134627
227432
792564
715647
146937
140824
896778
616645
143325
118932
143224
165436
103818
350330
135629
117021
124624
125424
705341
176845
211821
196144
638049
167743
393550
188448
182739
211114

