378756
572045
136833
101915
392447
622236
142828
165436
248339
825048
126325
887373
996782
217429
693764
180533
153429
325129
211821
223929
213017
107018
182436
561444
100408
705341
753251
118932
453441
196952
214423
196144
220721
414229
978578
677968
150423
131924
826353
146836
361234
732243
117122
873968
214625
932554
118831
104012
134829
917558
129937
810843
877168
910443
146937
123117
727553
193239
783462
389357
156435
176239
361941
238033
393550
209329
205119
183741
171128
709551
168947
167238
129331
211417
167440
174437
239136
812746
104416
206323
106319
549757
663755
139637
672756
201717
965367
852455
185139
118023
197550
125222
119126
143426
129028
115724
114116
171532
148436
173738
